0.179,2.150102376937866,2.15071702003479,0.43750074660778043
0.214,2.2431342601776123,2.1145992279052734,0.4349540127754211
0.219,2.1138620376586914,2.1172404289245605,0.4317005174398422
0.27,1.9977166652679443,2.121856689453125,0.42807788779735567
0.243,2.3064892292022705,1.9737746715545654,0.42499692499637604
0.259,2.221320867538452,2.0196287631988525,0.42060967991352083
0.307,1.9633374214172363,2.2155017852783203,0.41680884895324705
0.334,2.056562900543213,1.8186545372009277,0.4112424918413162
0.271,1.6593073606491089,2.306060552597046,0.4119116198837757
0.286,2.346738338470459,1.7455087900161743,0.40856955018043517
0.28,1.8410980701446533,1.5282213687896729,0.39977683120965957
0.304,2.2223339080810547,1.8705523014068604,0.40136660223007203
0.299,2.0931620597839355,1.9147621393203735,0.39141161942481995
0.35,1.4272592067718506,1.8066630363464355,0.3911242954969406
0.327,2.0643484592437744,2.0992255210876465,0.3813009268641472
0.353,1.7820141315460205,1.6148525476455688,0.3717326383829117
0.336,1.7976199388504028,1.4706089496612549,0.37660913056135176
0.363,1.4930254220962524,1.5845134258270264,0.3659389550328255
0.368,1.8495557308197021,0.9725756645202637,0.3598753388926387
0.384,1.6832852363586426,1.1629550457000732,0.3619184062510729
0.393,2.6936678886413574,0.6749569177627563,0.3453087454885244
0.407,2.2705907821655273,1.7856903076171875,0.34890450249165295
0.333,2.288369655609131,2.46764874458313,0.3594734470203519
0.393,1.793239951133728,3.7043495178222656,0.3434720936179161
0.445,1.0583879947662354,0.9367214441299438,0.3354756024003029
0.435,1.573264479637146,1.4438446760177612,0.3370778407689184
0.404,2.1999011039733887,2.809142589569092,0.33201655437536537
0.367,1.5455812215805054,2.020000457763672,0.3359177060753107
0.409,2.5699472427368164,2.7126824855804443,0.3419934315085411
0.412,2.7855124473571777,2.3674705028533936,0.31961363897025585
0.438,0.617750883102417,2.5231146812438965,0.3219656053595245
0.405,1.3743867874145508,1.755268931388855,0.3299819759643171
0.415,1.1549546718597412,1.337661623954773,0.3314354655690491
0.407,2.293797016143799,1.6965265274047852,0.32776902845175937
0.418,1.5175713300704956,0.5545571446418762,0.3334542642042041
0.434,1.342005968093872,1.83937668800354,0.32179551525823774
0.428,0.8439640998840332,0.9395379424095154,0.32160318572376856
0.448,3.4735848903656006,0.7481768727302551,0.3258268507312983
0.489,0.7724247574806213,3.0369796752929688,0.32036805856339634
0.463,0.14451740682125092,0.5977208614349365,0.30567767031006515
0.437,1.524143934249878,0.6793777942657471,0.31609204271063207
0.483,0.753665566444397,2.2482237815856934,0.3168274089820683
0.496,2.1058425903320312,0.7361724376678467,0.30315902110554743
0.458,1.4675447940826416,2.890131711959839,0.3096976766071748
0.417,2.527040481567383,1.1297380924224854,0.29929609650671485
0.418,1.8213791847229004,2.4687108993530273,0.31015780101343987
0.444,2.1392180919647217,3.1201417446136475,0.3112591915443656
0.419,0.68059903383255,1.5052828788757324,0.3094211885555647
0.461,2.2311782836914062,0.3092826306819916,0.3189298061057925
0.45,2.194303512573242,3.9138991832733154,0.3056375549975783
0.47,2.593083381652832,0.8145143985748291,0.3036229870764306
0.486,2.2071008682250977,0.7013747096061707,0.30395616550929844
0.442,1.2632962465286255,1.427025318145752,0.2945544554565102
0.47,1.993126630783081,1.858121395111084,0.30292462933287023
0.408,1.995548129081726,1.4670883417129517,0.3104937702655792
0.375,1.5047982931137085,1.488952875137329,0.3046825309224427
0.459,1.3997255563735962,0.16461113095283508,0.30809307614685966
0.447,0.36323490738868713,1.0267884731292725,0.299907815175131
0.429,0.9406527280807495,0.9096950888633728,0.29959532156786883
0.426,1.5702955722808838,2.772122621536255,0.31398540594526564
0.446,0.4909666180610657,2.0291213989257812,0.2897166419754736
0.408,0.9671030044555664,1.0245716571807861,0.2888317182623898
0.474,1.2217851877212524,4.013716220855713,0.2952079735320061
0.457,1.5220857858657837,0.6778051853179932,0.2932147837989731
0.497,1.601764440536499,1.8242435455322266,0.30982606954984365
0.349,0.16657045483589172,2.5210509300231934,0.29798909932263196
0.475,0.32903972268104553,0.17061293125152588,0.29343026506532915
0.45,2.152332305908203,2.5946922302246094,0.31070888537205754
0.465,0.31669333577156067,1.4349581003189087,0.29674424564512447
0.415,0.34401968121528625,2.6058318614959717,0.3109790623865556
0.431,1.1367552280426025,1.6192786693572998,0.31102462480533866
0.462,0.8417413234710693,2.9743776321411133,0.29650820142887535
0.435,1.789103627204895,0.3317546546459198,0.30261941150538624
0.398,0.6310762166976929,2.536935567855835,0.30158590135294944
0.449,1.9063770771026611,1.7884079217910767,0.3000818311225623
0.5,1.8831233978271484,0.7927956581115723,0.30947469739764927
0.479,3.1393520832061768,0.15008340775966644,0.2929282323983498
0.399,0.6157121062278748,1.23210608959198,0.29332087607032736
0.501,0.9480499029159546,3.9216365814208984,0.3006738659811672
0.442,3.2758679389953613,0.8811456561088562,0.3031983570801909
0.429,1.0514105558395386,0.4123210310935974,0.305960486818105
0.475,0.9489306211471558,1.7775318622589111,0.29173998341709373
0.436,1.2811795473098755,0.6262596249580383,0.3040347976686433
0.472,1.0772435665130615,1.7470126152038574,0.2986721710029989
0.488,0.19711634516716003,1.5957155227661133,0.2873122518211603
0.441,1.4343496561050415,2.7150559425354004,0.30275949587337675
0.47,1.2315596342086792,2.6194605827331543,0.30748986311778426
0.454,0.2808547019958496,1.0177438259124756,0.3047625696204603
0.47,0.6760076284408569,0.027909548953175545,0.29951962411874555
0.435,2.3875467777252197,1.4637185335159302,0.29155062962401423
0.474,0.21604213118553162,1.9471644163131714,0.29010365406697675
0.503,1.7593884468078613,0.37770044803619385,0.2877099118679762
0.404,1.6762065887451172,1.466726541519165,0.2835283020318486
0.501,0.13232553005218506,4.151883125305176,0.28785086865033954
0.454,2.4866018295288086,2.04728627204895,0.29791061458976476
0.48,2.3875303268432617,2.974250316619873,0.30703489286946134
0.439,1.8019403219223022,2.7627344131469727,0.29136919978782533
0.451,1.3574788570404053,4.072669982910156,0.32475113577097653
0.41,1.2760493755340576,1.7477362155914307,0.313616748842597
0.462,2.8359217643737793,1.833397388458252,0.3070375332949683
0.416,3.1900243759155273,2.093367338180542,0.2963526358515024
0.443,1.8242429494857788,3.8659005165100098,0.30247827332392335
0.447,0.8492586612701416,2.2241389751434326,0.29598429630957546
0.427,1.4518831968307495,2.5236241817474365,0.3102588702891022
0.447,0.9410213232040405,0.23298004269599915,0.32165981791354714
0.454,0.9463263750076294,3.061397075653076,0.3020969986822456
0.457,1.5193161964416504,0.6870043873786926,0.2944752296308056
0.45,1.115227222442627,0.2285814732313156,0.31317902672826314
0.406,0.20383457839488983,3.928476333618164,0.3022761240437627
0.424,2.0944411754608154,0.6026347875595093,0.32009815737195313
0.417,1.367614984512329,1.7439875602722168,0.3154144590854645
0.425,1.0617151260375977,0.7000903487205505,0.3067814400661737
0.487,3.4914512634277344,2.0589609146118164,0.31197984763346615
0.415,5.7501983642578125,0.9550549387931824,0.3047113041682169
0.484,1.0183583498001099,1.7408148050308228,0.29775271004065873
0.47,0.0307388287037611,1.483337163925171,0.28959349095225334
0.497,1.3049720525741577,2.2497386932373047,0.30350700835175815
0.402,1.1074281930923462,0.22099089622497559,0.30694908291902395
0.458,0.5031334757804871,1.478539228439331,0.30991295005483555
0.486,1.7529692649841309,4.103978633880615,0.3002759161097929
0.446,1.0997182130813599,1.2820582389831543,0.29949309649430217
0.123,nan,nan,nan
0.119,nan,nan,nan
0.115,nan,nan,nan
0.111,nan,nan,nan
0.109,nan,nan,nan
0.101,nan,nan,nan
0.107,nan,nan,nan
0.11,nan,nan,nan
0.104,nan,nan,nan
0.108,nan,nan,nan
0.104,nan,nan,nan
0.117,nan,nan,nan
0.106,nan,nan,nan
0.103,nan,nan,nan
0.111,nan,nan,nan
0.106,nan,nan,nan
0.105,nan,nan,nan
0.097,nan,nan,nan
0.098,nan,nan,nan
0.116,nan,nan,nan
0.138,nan,nan,nan
0.123,nan,nan,nan
0.109,nan,nan,nan
0.123,nan,nan,nan
0.105,nan,nan,nan
0.106,nan,nan,nan
0.125,nan,nan,nan
0.117,nan,nan,nan
0.121,nan,nan,nan
0.11,nan,nan,nan
0.103,nan,nan,nan
0.115,nan,nan,nan
0.119,nan,nan,nan
0.108,nan,nan,nan
0.111,nan,nan,nan
0.112,nan,nan,nan
0.103,nan,nan,nan
0.1,nan,nan,nan
0.107,nan,nan,nan
0.118,nan,nan,nan
0.123,nan,nan,nan
0.096,nan,nan,nan
0.112,nan,nan,nan
0.111,nan,nan,nan
0.148,nan,nan,nan
0.105,nan,nan,nan
0.116,nan,nan,nan
0.112,nan,nan,nan
0.108,nan,nan,nan
0.104,nan,nan,nan
0.086,nan,nan,nan
0.104,nan,nan,nan
0.123,nan,nan,nan
0.115,nan,nan,nan
0.119,nan,nan,nan
0.11,nan,nan,nan
0.109,nan,nan,nan
0.124,nan,nan,nan
0.113,nan,nan,nan
0.103,nan,nan,nan
0.101,nan,nan,nan
0.111,nan,nan,nan
0.108,nan,nan,nan
0.12,nan,nan,nan
0.117,nan,nan,nan
0.117,nan,nan,nan
0.118,nan,nan,nan
0.111,nan,nan,nan
0.102,nan,nan,nan
0.11,nan,nan,nan
0.113,nan,nan,nan
0.117,nan,nan,nan
0.108,nan,nan,nan
0.105,nan,nan,nan
0.126,nan,nan,nan
0.106,nan,nan,nan
0.117,nan,nan,nan
0.119,nan,nan,nan
0.099,nan,nan,nan
